.Random.seed <-
c(403L, 10L, -1207688955L, 782123743L, 135343974L, 1403750128L, 
-296141293L, -723626063L, 1222287968L, -736600066L, -1841131639L, 
-1024948037L, 1955095690L, 1166112620L, 1668678895L, 295546661L, 
635394524L, 1450985394L, -2023698771L, -223418777L, -2044947058L, 
-380886424L, 410230379L, -130992119L, -1888360808L, -2042142266L, 
1572712737L, -1407155789L, 314490146L, -667863276L, -36278377L, 
-328667251L, -910470492L, 1456266378L, -1737321739L, -1816988337L, 
761381462L, 1840390400L, -1356049341L, 1728182241L, -2100488368L, 
1809254830L, -693139623L, 190287211L, 1417467098L, -729700L, 
-1806925409L, 875250677L, 373559948L, 626734946L, 1275103037L, 
-2027192393L, -1502696354L, 1834942872L, -615627525L, -56659815L, 
-36044504L, -1182902314L, 264885329L, 1532739331L, 1361278610L, 
1179128868L, 934796007L, 1403170621L, 2058760116L, -1913416678L, 
888188773L, -590474753L, -1940849530L, 256983056L, 1665966771L, 
-943775407L, -1952145152L, -514071586L, 1744179241L, 780937179L, 
-806447894L, -1937427828L, 1294872015L, 471523717L, 1332746812L, 
-1920549102L, -598449139L, 1081388871L, 1450167598L, 1837452424L, 
-191555189L, 1868882281L, -1421980872L, 832353766L, 508907905L, 
-1178352365L, 1157202626L, -1331671692L, 1159458167L, -1658104211L, 
-2043135740L, -1513141206L, 656490901L, -1432324561L, -985001162L, 
-1785926816L, -728903261L, -1547070783L, 971541168L, -1091934770L, 
-470099655L, -817130165L, 1465671418L, 809455612L, -1043517377L, 
1220290837L, 1649209900L, -191414526L, -1395504163L, 1992042199L, 
830337470L, 2108290040L, 865314779L, 1611553337L, -311698552L, 
1041509174L, 911096177L, -1262234717L, -1040194830L, 87843396L, 
-1225708281L, 2080257245L, -1402396204L, -1546935046L, 1909701701L, 
-879031137L, 581668390L, 1540688560L, -1575602349L, 60740209L, 
-1018724448L, 732927806L, 1416371785L, -676021509L, -237999414L, 
-1106502612L, 1800250415L, -1738126107L, 1302013340L, 1079281650L, 
1378112109L, -1069590617L, -1330607666L, -2005336280L, 1322382635L, 
-419203255L, 617528408L, 335235334L, 717837537L, -676801421L, 
-583163678L, 18212948L, 1223372119L, 1817165133L, -2013798172L, 
-1261945654L, -1124142795L, 1659295631L, -1034976106L, -843527104L, 
-317637373L, -293170911L, -1101932016L, 675324398L, 1275909529L, 
-1798925781L, -1657650406L, -1786160676L, -629960737L, 1801983925L, 
-749039284L, 1625692066L, -2049245443L, 661196791L, 1337268510L, 
-549690408L, -1388845765L, 246932185L, 1546395240L, 1806204822L, 
1381247761L, -1489361725L, 1588284626L, 1493817700L, -2003280729L, 
585425405L, 2141572084L, -163560230L, -89405915L, 595401535L, 
18102470L, -1160301232L, 760774003L, 723363729L, -1024443968L, 
-15352930L, -221919895L, 179977627L, -1298300758L, -119202100L, 
-504774769L, -777352251L, -1171853444L, 167956434L, -1993449651L, 
-1925407225L, -555409938L, -2069608248L, -263649333L, 1008898601L, 
841871480L, 998690214L, -48875583L, 418401363L, -514006270L, 
573924916L, -1013570633L, -681081939L, -1346852668L, -501150486L, 
481837909L, -1012067089L, 461814518L, 115266452L, 1033230210L, 
-48182336L, 1946670652L, 1655865744L, -1993791454L, -2115203832L, 
-1679693684L, 1005621020L, -229245806L, -146420352L, 1316646932L, 
-459233496L, 1081845306L, -266532400L, 986186092L, 616332212L, 
-680209902L, 1204738016L, -1860896308L, -1131931424L, -1813482462L, 
1685224232L, -1745425908L, -1079692484L, -43022350L, -1368636688L, 
-1395439036L, 869643864L, -572418246L, 241047536L, 425585340L, 
205849876L, -1535251262L, -86381472L, 2010692988L, 1542029264L, 
517294370L, 1074400936L, 1373634444L, 745137340L, 197399346L, 
-554879424L, -221432652L, 2082114632L, 559156666L, -1284105712L, 
1275022572L, -92073644L, -1926186222L, 2059126176L, 1653609164L, 
40323680L, -211015742L, 1551180584L, -889511508L, -1449167556L, 
230097778L, -1782684368L, 735502116L, -1916213960L, 463709914L, 
-1551747184L, -472907012L, -1242063980L, -1902140350L, 1379822848L, 
1921155132L, -1187312304L, -1490963294L, 270695240L, -1822986484L, 
-1157902628L, 60278610L, 1017439872L, -1299476396L, -2030844952L, 
1437780730L, -416813744L, -366823636L, 509569908L, 303481746L, 
-1437889952L, 681799564L, 533239648L, 268114914L, 141118376L, 
998182092L, -961443332L, -847163470L, -653976080L, -45695548L, 
-1866141352L, -1270520454L, 1742642608L, -1479277636L, -598300588L, 
-1707139134L, 766998560L, -1939910468L, 662108752L, -51865630L, 
-1086923160L, -1302716852L, 568912124L, -2102808590L, -1685486336L, 
467303284L, 1719171080L, 336628154L, -531575344L, -1119235092L, 
329460628L, 2030439378L, -787411104L, 652474700L, -1928158944L, 
2107993986L, 502066920L, 1768716524L, -734937540L, -685792398L, 
1122412144L, 2065337380L, 1113481016L, 753057946L, 465544912L, 
-344996676L, -1944999276L, -1386268030L, -1940328256L, 2005108028L, 
1295616144L, 733404706L, 659216904L, 1594840332L, -1649499492L, 
-1748625902L, 1935511936L, -467303916L, -1663984088L, -88153798L, 
-1029366832L, 1574284908L, -771376332L, -1726983534L, 2057823584L, 
-1017236148L, -412982304L, -874348638L, -1688920152L, 2098466700L, 
-1317299524L, -236012686L, 1832902896L, 501165124L, -1887417000L, 
337047610L, 1796621168L, -1608321988L, 282798868L, 741002690L, 
1247071456L, -1527711876L, 17626832L, -84329822L, 908956712L, 
46776588L, -1076597828L, -1130388174L, 1248630720L, -674331084L, 
1521363912L, 1024476346L, 670263184L, 1615899116L, 77337684L, 
749075090L, -2042229984L, -594279988L, 685431776L, 1421514434L, 
-85789144L, 391966380L, -953243972L, -449404430L, -1940334288L, 
1731700900L, 1679243960L, 948690778L, -381166192L, -430256772L, 
608227604L, 733875522L, -1698245888L, -2143056964L, -2115366064L, 
166610210L, 427436360L, -100406260L, 656800860L, 1704715474L, 
1694073856L, -347150508L, 1293588968L, -2038621190L, 2032069328L, 
1839818028L, 1996635380L, -945593454L, 410913888L, -316761844L, 
1346722528L, 719250786L, -627042648L, 2024996428L, 1329918844L, 
1531641650L, 1386922608L, 249073988L, 487671768L, -1479719814L, 
1510926896L, -612454724L, -359026860L, -115851710L, -1570439264L, 
1190578440L, -1601282639L, -2056226269L, -830038236L, 306259922L, 
686744615L, -2051793295L, 252535990L, 137454676L, 500784357L, 
-1710774033L, -709747672L, -131381114L, -1080307021L, -827780075L, 
-1706858894L, 2096521920L, 510207785L, 2092221851L, 774914668L, 
-439208326L, 449832879L, 1504608953L, 1926196430L, -689936868L, 
1116798349L, -96752649L, 1603931904L, 1446225246L, 533966379L, 
1592803629L, -1934320230L, 61557592L, 393204417L, -440666765L, 
-617150828L, 1797534498L, -912449993L, 1568893697L, -837832186L, 
295456836L, -567926411L, -571874081L, 401094712L, 1134100502L, 
-1366650845L, -1536995355L, -1247823358L, -624875408L, 1059757593L, 
1072267275L, -1920017668L, 1869990698L, 1674108255L, 1418360041L, 
274498558L, -1070596116L, -1333523651L, -780351737L, -1500389648L, 
-854507890L, -654821189L, -549933923L, 1283612746L, -2145074584L, 
2019282513L, 449475907L, -2088770492L, -462141710L, 1959907015L, 
643970193L, 255404566L, -1186424716L, -1305109755L, 1473130831L, 
1657828168L, -1068678426L, -1735166957L, -1343730827L, 1291250514L, 
382753696L, -605639031L, -1306879301L, -1777647348L, 499235994L, 
-1837219313L, 1271170649L, -1310483730L, -601222788L, 425615853L, 
-30151017L, 1082796384L, -1683878594L, 904044043L, 289106573L, 
607037370L, -275409416L, 1477554593L, 1717950291L, 256226932L, 
1112758274L, 793969303L, -1354789791L, 1241024678L, 1838037156L, 
1826640213L, -2058751489L, -639670120L, 1477490102L, -687514045L, 
-1363164283L, 54306850L, 499002128L, -1496668487L, -279741589L, 
-791858596L, -50819190L, -1354899585L, 1335407305L, -1147618466L, 
-1975271412L, 2119200733L, 1172732647L, -1586924784L, 518466094L, 
-1788833573L, 1719913917L, 1948580650L, -1917299768L, 74830065L, 
-393138589L, -1173112220L, 29743506L, -1248487833L, 356169265L, 
-2085000330L, -925728620L, 719785637L, 1208761263L, 1830131816L, 
-729813946L, 576285171L, -388328107L, -1808007374L, -1311632640L, 
1332262889L, 1549109851L, 894604460L, -888935750L, 360988783L, 
